71.33333333333333
59.0
61.666666666666664
71.66666666666667
56.666666666666664
35.333333333333336
51.333333333333336
57.0
76.33333333333333
42.333333333333336
81.0
63.333333333333336
61.666666666666664
79.0
63.333333333333336
55.666666666666664
76.0
46.0
68.33333333333333
64.66666666666667
36.666666666666664
36.333333333333336
61.666666666666664
53.0
56.666666666666664
74.66666666666667
42.0
53.0
51.666666666666664
69.66666666666667
74.66666666666667
61.333333333333336
60.666666666666664
52.0
83.33333333333333
76.66666666666667
66.0
66.33333333333333
66.33333333333333
57.666666666666664
49.666666666666664
50.666666666666664
58.666666666666664
67.33333333333333
66.66666666666667
53.333333333333336
61.333333333333336
40.333333333333336
46.333333333333336
65.66666666666667
51.666666666666664
54.333333333333336
53.666666666666664
48.666666666666664
58.333333333333336
70.66666666666667
83.33333333333333
52.333333333333336
49.333333333333336
80.66666666666667
69.0
50.0
40.333333333333336
61.0
59.333333333333336
63.0
94.33333333333333
96.33333333333333
51.333333333333336
76.33333333333333
67.0
43.333333333333336
41.666666666666664
57.333333333333336
71.66666666666667
58.0
63.333333333333336
54.0
58.0
73.66666666666667
65.33333333333333
47.333333333333336
63.666666666666664
78.0
76.33333333333333
47.666666666666664
60.666666666666664
71.0
67.66666666666667
69.66666666666667
74.0
56.666666666666664
55.0
67.0
56.666666666666664
59.333333333333336
84.0
69.33333333333333
63.40816326530612 59.45918367346939 61.52040816326531